3137
29 52
25 58
29 46
31 54
38 41
39 37
28 54
29 43
39 50
36 55
28 51
35 43
39 57
38 37
34 42
30 37
25 35
27 40
31 41
33 57
29 49
27 57
40 50
32 52
29 46
42 52
32 36
39 44
29 51
32 41
39 41
34 39
34 42
34 57
28 43
26 46
32 46
42 40
38 58
26 38
39 58
40 53
26 44
39 50
34 49
39 47
30 50
35 58
36 38
36 36
34 47
36 54
39 43
31 52
32 57
31 40
37 43
30 49
33 40
35 48
34 47
30 48
25 43
29 56
32 52
35 36
32 58
37 37
26 54
36 51
26 41
39 56
35 35
25 49
29 58
25 38
33 50
34 45
30 39
30 46
29 56
27 53
35 35
29 38
31 41
29 40
39 36
27 45
28 53
34 54
40 37
40 47
29 39
40 55
42 36
38 42
32 53
30 50
34 56
29 43
41 47
28 55
28 53
40 58
30 42
32 35
32 49
39 57
32 42
26 45
39 56
26 56
28 44
37 35
34 51
34 38
29 42
25 54
29 56
38 57
25 39
39 51
35 42
31 38
34 36
36 37
34 48
31 53
27 36
40 51
41 58
34 48
36 54
27 49
42 40
29 56
26 55
42 43
41 50
41 52
38 52
25 44
27 56
42 50
26 43
38 35
33 45
26 37
40 37
25 43
30 56
31 55
29 42
27 44
25 42
38 47
41 46
25 46
30 41
33 37
31 45
31 45
28 45
33 54
28 58
42 46
36 35
42 39
